%The program simply computes the approximate slope of f(x)=e^(x^2) at a point x, in this case 5
ck1

ans =

   1.0e+09 *

   0.010000000000000                   0
   0.002500000000000  -9.260658513262817
   0.000625000000000  -2.300133478265259
   0.000156250000000  -0.574099737762329
   0.000039062500000  -0.143466670672485
   0.000009765625000  -0.035863055828735
   0.000002441406250  -0.008965388641235
   0.000000610351563  -0.002240826141235
   0.000000152587891  -0.000561726141235
   0.000000038146973  -0.000141026141235
   0.000000009536743  -0.000017826141235
   0.000000002384186  -0.000177826141235
   0.000000000596046  -0.000593826141235
   0.000000000149012   0.000762973858765
   0.000000000037253  -0.002411426141235

%default run of the program, x=5
ck1

ans =

   1.0e+07 *

   0.010000000000000                   0
   0.002500000000000  -7.950823660266114
   0.000625000000000  -0.496909951770020
   0.000156250000000  -0.031056735217285
   0.000039062500000  -0.001940993029785
   0.000009765625000  -0.000122926623535
   0.000002441406250   0.000003948376465
   0.000000610351563   0.000037385876465
   0.000000152587891  -0.000067614123535
   0.000000038146973  -0.000062614123535
   0.000000009536743   0.001577385876465
   0.000000002384186  -0.011702614123535
   0.000000000596046  -0.038902614123535
   0.000000000149012   0.071177385876465
   0.000000000037253   0.066057385876465

% A run using the new equation, with x=5
diary off
