A=hilb(5)

A =

   1.000000000000000   0.500000000000000   0.333333333333333   0.250000000000000   0.200000000000000
   0.500000000000000   0.333333333333333   0.250000000000000   0.200000000000000   0.166666666666667
   0.333333333333333   0.250000000000000   0.200000000000000   0.166666666666667   0.142857142857143
   0.250000000000000   0.200000000000000   0.166666666666667   0.142857142857143   0.125000000000000
   0.200000000000000   0.166666666666667   0.142857142857143   0.125000000000000   0.111111111111111

[Q,R]=qr(A)

Q =

  -0.826584298073691   0.533354625741032  -0.175305353859198   0.039102073792954   0.005504735421177
  -0.413292149036846  -0.374053540533383   0.717262398141398  -0.403345206676022  -0.110094708423587
  -0.275528099357897  -0.462945978156888   0.057664733696225   0.678964622492950   0.495426187906268
  -0.206646074518423  -0.443319111628251  -0.352625606033455   0.206153706732249  -0.770662958965433
  -0.165316859614738  -0.405913757574912  -0.571955108009391  -0.576447189844939   0.385331479482762


R =

  -1.209797962930634  -0.688820248394743  -0.492014463139102  -0.385411329458963  -0.317759340777337
                   0  -0.130059810434636  -0.140191903775980  -0.132700236055609  -0.122322888917022
                   0                   0  -0.008065378590151  -0.012632544964531  -0.014908286959594
                   0                   0                   0  -0.000338121668913  -0.000689314702676
                   0                   0                   0                   0   0.000008737675272

cond(Q)*cond(R)/cond(A)

ans =

   0.999999999999305

%Seems impossible but okay matlab
A=rand(5)

A =

   0.814723686393179   0.097540404999410   0.157613081677548   0.141886338627215   0.655740699156587
   0.905791937075619   0.278498218867048   0.970592781760616   0.421761282626275   0.035711678574190
   0.126986816293506   0.546881519204984   0.957166948242946   0.915735525189067   0.849129305868777
   0.913375856139019   0.957506835434298   0.485375648722841   0.792207329559554   0.933993247757551
   0.632359246225410   0.964888535199277   0.800280468888800   0.959492426392903   0.678735154857773

[Q,R]=qr(A)

Q =

  -0.492687939680517  -0.480646197785660   0.177973327989080   0.656615643087809   0.251831726405610
  -0.547759652395381  -0.358348834680564  -0.577746862411482  -0.475754194292970  -0.106826894914661
  -0.076792750635757   0.475421971628023  -0.634314719599947   0.554704750497937  -0.240882333551009
  -0.552345876560033   0.339075870698876   0.480843564194024  -0.071766323938399  -0.586157528381650
  -0.382406672794790   0.547327002842353   0.031118495628937  -0.172238434701490   0.723577120563522


R =

  -1.653630261218665  -1.140458371559296  -1.256936941571411  -1.175740109457966  -1.183284097129283
                   0   0.966094567094881   0.634085558164870   1.009800499585806   0.763902868321105
                   0                   0  -0.881557812867804  -0.388498039927564   0.027682685857388
                   0                   0                   0   0.178357654835956   0.700662137136643
                   0                   0                   0                   0  -0.099568848728958

cond(Q)*cond(R)/cond(A)

ans =

   1.000000000000000

A=hilb(3)

A =

   1.000000000000000   0.500000000000000   0.333333333333333
   0.500000000000000   0.333333333333333   0.250000000000000
   0.333333333333333   0.250000000000000   0.200000000000000

[Q,R]=qr(A)

Q =

  -0.857142857142857   0.501604916554845   0.117041147196131
  -0.428571428571428  -0.568485572095491  -0.702246883176784
  -0.285714285714286  -0.652086391521299   0.702246883176783


R =

  -1.166666666666667  -0.642857142857143  -0.450000000000000
                   0  -0.101714330301399  -0.105337032476518
                   0                   0   0.003901371573204

cond(Q)*cond(R)/cond(A)

ans =

   1.000000000000000

A=hilb(20);
[Q,R]=qr(A);
cond(Q)*cond(R)/cond(A)

ans =

   4.538205072673159

A=rand(8);
[Q,R]=qr(A);
cond(Q)*cond(R)/cond(A)

ans =

   1.000000000000001

A=hilb(200);
[Q,R]=qr(A);
cond(Q)*cond(R)/cond(A)

ans =

   0.453706656701694

A=rand(200);
[Q,R]=qr(A);
cond(Q)*cond(R)/cond(A)

ans =

   1.000000000000055

%relatively insignificant results... some very surprising outcomes but mostly stable matrices
%The A=hilb(200) showed perfectly how matlab simply could'nt handle the size of the numbers, as it returned a result less than 1
%The least stable matrix was A=hilb(20), and that value was nonetheless perfectly acceptable
%A conclusion that can be drawn is that most matrices are naturally stable, and the instability is a rare occurence
diary off
