%Ill-conditioned matrix:
A=hilb(20)

A =

  Columns 1 through 6

   1.000000000000000   0.500000000000000   0.333333333333333   0.250000000000000   0.200000000000000   0.166666666666667
   0.500000000000000   0.333333333333333   0.250000000000000   0.200000000000000   0.166666666666667   0.142857142857143
   0.333333333333333   0.250000000000000   0.200000000000000   0.166666666666667   0.142857142857143   0.125000000000000
   0.250000000000000   0.200000000000000   0.166666666666667   0.142857142857143   0.125000000000000   0.111111111111111
   0.200000000000000   0.166666666666667   0.142857142857143   0.125000000000000   0.111111111111111   0.100000000000000
   0.166666666666667   0.142857142857143   0.125000000000000   0.111111111111111   0.100000000000000   0.090909090909091
   0.142857142857143   0.125000000000000   0.111111111111111   0.100000000000000   0.090909090909091   0.083333333333333
   0.125000000000000   0.111111111111111   0.100000000000000   0.090909090909091   0.083333333333333   0.076923076923077
   0.111111111111111   0.100000000000000   0.090909090909091   0.083333333333333   0.076923076923077   0.071428571428571
   0.100000000000000   0.090909090909091   0.083333333333333   0.076923076923077   0.071428571428571   0.066666666666667
   0.090909090909091   0.083333333333333   0.076923076923077   0.071428571428571   0.066666666666667   0.062500000000000
   0.083333333333333   0.076923076923077   0.071428571428571   0.066666666666667   0.062500000000000   0.058823529411765
   0.076923076923077   0.071428571428571   0.066666666666667   0.062500000000000   0.058823529411765   0.055555555555556
   0.071428571428571   0.066666666666667   0.062500000000000   0.058823529411765   0.055555555555556   0.052631578947368
   0.066666666666667   0.062500000000000   0.058823529411765   0.055555555555556   0.052631578947368   0.050000000000000
   0.062500000000000   0.058823529411765   0.055555555555556   0.052631578947368   0.050000000000000   0.047619047619048
   0.058823529411765   0.055555555555556   0.052631578947368   0.050000000000000   0.047619047619048   0.045454545454545
   0.055555555555556   0.052631578947368   0.050000000000000   0.047619047619048   0.045454545454545   0.043478260869565
   0.052631578947368   0.050000000000000   0.047619047619048   0.045454545454545   0.043478260869565   0.041666666666667
   0.050000000000000   0.047619047619048   0.045454545454545   0.043478260869565   0.041666666666667   0.040000000000000

  Columns 7 through 12

   0.142857142857143   0.125000000000000   0.111111111111111   0.100000000000000   0.090909090909091   0.083333333333333
   0.125000000000000   0.111111111111111   0.100000000000000   0.090909090909091   0.083333333333333   0.076923076923077
   0.111111111111111   0.100000000000000   0.090909090909091   0.083333333333333   0.076923076923077   0.071428571428571
   0.100000000000000   0.090909090909091   0.083333333333333   0.076923076923077   0.071428571428571   0.066666666666667
   0.090909090909091   0.083333333333333   0.076923076923077   0.071428571428571   0.066666666666667   0.062500000000000
   0.083333333333333   0.076923076923077   0.071428571428571   0.066666666666667   0.062500000000000   0.058823529411765
   0.076923076923077   0.071428571428571   0.066666666666667   0.062500000000000   0.058823529411765   0.055555555555556
   0.071428571428571   0.066666666666667   0.062500000000000   0.058823529411765   0.055555555555556   0.052631578947368
   0.066666666666667   0.062500000000000   0.058823529411765   0.055555555555556   0.052631578947368   0.050000000000000
   0.062500000000000   0.058823529411765   0.055555555555556   0.052631578947368   0.050000000000000   0.047619047619048
   0.058823529411765   0.055555555555556   0.052631578947368   0.050000000000000   0.047619047619048   0.045454545454545
   0.055555555555556   0.052631578947368   0.050000000000000   0.047619047619048   0.045454545454545   0.043478260869565
   0.052631578947368   0.050000000000000   0.047619047619048   0.045454545454545   0.043478260869565   0.041666666666667
   0.050000000000000   0.047619047619048   0.045454545454545   0.043478260869565   0.041666666666667   0.040000000000000
   0.047619047619048   0.045454545454545   0.043478260869565   0.041666666666667   0.040000000000000   0.038461538461538
   0.045454545454545   0.043478260869565   0.041666666666667   0.040000000000000   0.038461538461538   0.037037037037037
   0.043478260869565   0.041666666666667   0.040000000000000   0.038461538461538   0.037037037037037   0.035714285714286
   0.041666666666667   0.040000000000000   0.038461538461538   0.037037037037037   0.035714285714286   0.034482758620690
   0.040000000000000   0.038461538461538   0.037037037037037   0.035714285714286   0.034482758620690   0.033333333333333
   0.038461538461538   0.037037037037037   0.035714285714286   0.034482758620690   0.033333333333333   0.032258064516129

  Columns 13 through 18

   0.076923076923077   0.071428571428571   0.066666666666667   0.062500000000000   0.058823529411765   0.055555555555556
   0.071428571428571   0.066666666666667   0.062500000000000   0.058823529411765   0.055555555555556   0.052631578947368
   0.066666666666667   0.062500000000000   0.058823529411765   0.055555555555556   0.052631578947368   0.050000000000000
   0.062500000000000   0.058823529411765   0.055555555555556   0.052631578947368   0.050000000000000   0.047619047619048
   0.058823529411765   0.055555555555556   0.052631578947368   0.050000000000000   0.047619047619048   0.045454545454545
   0.055555555555556   0.052631578947368   0.050000000000000   0.047619047619048   0.045454545454545   0.043478260869565
   0.052631578947368   0.050000000000000   0.047619047619048   0.045454545454545   0.043478260869565   0.041666666666667
   0.050000000000000   0.047619047619048   0.045454545454545   0.043478260869565   0.041666666666667   0.040000000000000
   0.047619047619048   0.045454545454545   0.043478260869565   0.041666666666667   0.040000000000000   0.038461538461538
   0.045454545454545   0.043478260869565   0.041666666666667   0.040000000000000   0.038461538461538   0.037037037037037
   0.043478260869565   0.041666666666667   0.040000000000000   0.038461538461538   0.037037037037037   0.035714285714286
   0.041666666666667   0.040000000000000   0.038461538461538   0.037037037037037   0.035714285714286   0.034482758620690
   0.040000000000000   0.038461538461538   0.037037037037037   0.035714285714286   0.034482758620690   0.033333333333333
   0.038461538461538   0.037037037037037   0.035714285714286   0.034482758620690   0.033333333333333   0.032258064516129
   0.037037037037037   0.035714285714286   0.034482758620690   0.033333333333333   0.032258064516129   0.031250000000000
   0.035714285714286   0.034482758620690   0.033333333333333   0.032258064516129   0.031250000000000   0.030303030303030
   0.034482758620690   0.033333333333333   0.032258064516129   0.031250000000000   0.030303030303030   0.029411764705882
   0.033333333333333   0.032258064516129   0.031250000000000   0.030303030303030   0.029411764705882   0.028571428571429
   0.032258064516129   0.031250000000000   0.030303030303030   0.029411764705882   0.028571428571429   0.027777777777778
   0.031250000000000   0.030303030303030   0.029411764705882   0.028571428571429   0.027777777777778   0.027027027027027

